5.82351
1.69989
4.25339
7.02462
6.86219
6.94188
7.02372
6.94159
6.9325
7.04122
6.8917
6.93649
6.93971
6.86258
7.0523
6.9519
7.05522
6.59758
7.17962
6.87829
6.84962
7.08368
6.97899
6.8396
6.94302
6.89599
7.01711
6.90049
6.9831
7.27502
6.841
6.74799
6.79651
7.04759
7.025
6.8092
7.0397
6.93896
6.97792
6.89352
7.09188
6.75189
6.95682
6.94329
6.94859
6.90722
7.05743
6.97219
7.05719
7.04759
6.62923
6.9772
6.8571
7.09939
6.85459
6.97738
6.90573
6.94978
6.91277
6.98942
7.10708
6.87063
6.96659
6.86979
6.87754
6.98668
6.98698
7.007
6.79934
7.28357
6.70809
7.03311
6.84893
6.98251
6.9232
6.99687
6.863
6.98543
6.96468
6.9865
6.9496
6.92618
6.88982
6.91247
7.20733
6.65331
7.0076
6.88159
6.92719
6.98447
7.02304
6.863
6.96337
6.95544
6.92129
6.9738
6.90967
6.99103
6.88779
7.00921
6.88249
6.87242
7.02238
6.9437
6.88738
7.05522
6.88422
7.03031
7.01505
6.79207
7.00521
6.9226
6.91569
6.98447
6.89375
6.95062
7.0188
6.95312
6.89971
6.93691
6.87969
6.99866
7.05457
7.07948
6.98817
6.76239
6.90985
6.94799
6.89161
7.03371
7.00796
6.93095
7.22754
6.57523
6.90281
6.94048
6.95121
6.97565
6.93798
6.94788
6.90091
6.96373
7.00927
6.94108
6.90007
7.00164
6.87516
6.93083
7.0163
6.93941
7.55131
6.58286
7.0008
6.70385
6.89316
6.96933
6.96635
6.99985
6.85978
6.94525
7.01678
6.8152
6.91497
7.07603
6.81639
7.01022
